state={
	id=114
	name="STATE_114"
	provinces={
		25 285 325 392 691 877 1348 1473 1850 1926 2014 2121 2184 2234 2375 2473 2503 2572 2638 2652 2823 2960 2988 3040 3047 3258 3329 3392 3631 4013 4082 4104 4464 4537 4556 4732 4930 5145 5216 5329 5340 5393 5698 6012 6015 6059 6236 6250 6366 7424 7466 7471 7472 7483 7522 7547 7563 7589 7598 7606 7611 7626 7705 7722 7723 7724 7746 7787 7806 7813 7814 7819 7833 7836 7870 7885 7921 7922 7923 7960 7984 7993 8000 8056 8071 8077 8090 8091 8096 8105 8126 8138 8148 8156 
	}
	manpower=31046576
	buildings_max_level_factor=1.000

	history={
		owner = BOF
		add_core_of = BOF
		buildings = {
			infrastructure = 3

		}
		
		victory_points = {
			25 50 
		}
	}
}
